-0.114 -0.104 -1.190
0.023 0.266 -1.170
0.209 -0.272 -1.150
-0.398 0.070 -1.130
0.385 0.245 -1.110
-0.130 -0.485 -1.090
-0.250 0.482 -1.070
0.546 -0.199 -1.050
-0.569 -0.235 -1.030
0.275 0.587 -1.010
0.203 -0.647 -0.990
-0.611 0.354 -0.970
0.716 0.157 -0.950
-0.436 -0.620 -0.930
-0.101 0.776 -0.910
0.615 -0.519 -0.890
-0.826 -0.034 -0.870
0.600 0.597 -0.850
-0.040 -0.866 -0.830
-0.567 0.680 -0.810
0.895 -0.120 -0.790
-0.756 -0.526 -0.770
0.206 0.914 -0.750
0.474 -0.826 -0.730
-0.922 0.294 -0.710
0.891 0.412 -0.690
-0.384 -0.918 -0.670
-0.341 0.949 -0.650
0.904 -0.475 -0.630
-0.999 -0.263 -0.610
0.565 0.879 -0.590
0.179 -1.041 -0.570
-0.843 0.653 -0.550
1.073 0.089 -0.530
-0.738 -0.797 -0.510
0.005 1.095 -0.490
0.742 -0.818 -0.470
-1.108 0.103 -0.450
0.892 0.677 -0.430
-0.202 -1.110 -0.410
-0.604 0.961 -0.390
1.101 -0.302 -0.370
-1.021 -0.524 -0.350
0.401 1.082 -0.330
0.437 -1.074 -0.310
-1.052 0.499 -0.290
1.117 0.344 -0.270
-0.593 -1.013 -0.250
-0.247 1.152 -0.230
0.963 -0.684 -0.210
-1.176 -0.147 -0.190
0.770 0.905 -0.170
0.043 -1.190 -0.150
-0.837 0.850 -0.130
1.193 -0.061 -0.110
-0.922 -0.762 -0.090
0.166 1.186 -0.070
0.680 -0.988 -0.050
-1.169 0.269 -0.030
1.044 0.592 -0.010
-0.370 -1.141 0.010
-0.498 1.091 0.030
1.104 -0.468 0.050
-1.129 -0.400 0.070
0.562 1.057 0.090
0.299 -1.157 0.110
-1.000 0.650 0.130
1.174 0.196 0.150
-0.732 -0.936 0.170
-0.092 1.181 0.190
0.863 -0.807 0.210
-1.178 0.011 0.230
0.873 0.784 0.250
-0.114 -1.164 0.270
-0.699 0.931 0.290
1.140 -0.213 0.310
-0.979 -0.610 0.330
0.309 1.106 0.350
0.516 -1.018 0.370
-1.062 0.400 0.390
1.047 0.420 0.410
-0.485 -1.010 0.430
-0.323 1.065 0.450
0.950 -0.563 0.470
-1.072 -0.225 0.490
0.633 0.882 0.510
0.128 -1.069 0.530
-0.809 0.695 0.550
1.055 0.033 0.570
-0.748 -0.730 0.590
0.058 1.032 0.610
0.647 -0.791 0.630
-0.998 0.144 0.650
0.823 0.561 0.670
-0.225 -0.956 0.690
-0.473 0.844 0.710
0.904 -0.298 0.730
-0.854 -0.385 0.750
0.364 0.846 0.770
0.297 -0.853 0.790
-0.780 0.420 0.810
0.840 0.213 0.830
-0.465 -0.708 0.850
-0.132 0.816 0.870
0.632 -0.499 0.890
-0.780 -0.057 0.910
0.520 0.552 0.930
-0.011 -0.733 0.950
-0.470 0.528 0.970
0.675 -0.069 0.990
-0.520 -0.387 1.010
0.116 0.605 1.030
0.305 -0.495 1.050
-0.522 0.149 1.070
0.449 0.225 1.090
-0.163 -0.426 1.110
-0.149 0.376 1.130
0.308 -0.150 1.150
-0.256 -0.076 1.170
0.079 0.133 1.190
