20 20 -6030870.144421891
20 25 -6030547.985331294
20 30 -6030335.901457921
20 35 -6030235.20924795
20 40 -6030192.787437519
20 45 -6030166.536910027
20 50 -6030129.30896953
30 20 -6039105.538925934
30 25 -6039040.086591353
30 30 -6038991.696041559
30 35 -6038945.434972887
30 40 -6038907.129060799
30 45 -6038889.58124538
30 50 -6038864.701566428
40 20 -6040869.308605182
40 25 -6040869.156230726
40 30 -6040823.625400882
40 35 -6040804.680861079
40 40 -6040786.377768239
40 45 -6040782.813882059
40 50 -6040765.376518013
50 20 -6041439.897184034
50 25 -6041500.174558197
50 30 -6041493.146640225
50 35 -6041482.202926066
50 40 -6041460.368173638
50 45 -6041453.909075413
50 50 -6041432.128784636
60 20 -6041684.445966333
60 25 -6041765.6122318255
60 30 -6041785.945844676
60 35 -6041771.274181146
60 40 -6041752.357970236
60 45 -6041747.848505478
60 50 -6041735.994113283
70 20 -6041774.065627599
70 25 -6041865.137058774
70 30 -6041898.090819285
70 35 -6041904.266738597
70 40 -6041895.934922836
70 45 -6041892.729501146
70 50 -6041884.604401235
80 20 -6041778.79058896
80 25 -6041872.406961857
80 30 -6041912.050098618
80 35 -6041921.723899899
80 40 -6041916.762584413
80 45 -6041916.696492259
80 50 -6041909.096562419
90 20 -6041784.889871758
90 25 -6041871.320541067
90 30 -6041899.034799075
90 35 -6041909.3335802695
90 40 -6041906.341642423
90 45 -6041896.001025878
90 50 -6041867.356780267
100 20 -6041685.929403097